464 282 6 2 0.548496
385 278 4 10 0.960329
353 278 4 29 0.969992
353 278 4 29 0.956964
336 297 2 4 0.895557
235 278 4 29 0.969992
194 277 3 31 0.963048
194 277 3 31 0.941556
212 293 5 2 0.564609
214 299 6 11 0.966687
214 299 6 11 0.969323
214 299 6 11 0.947302
69 276 3 32 0.951053
69 276 3 32 0.947303
69 276 3 32 0.932978
129 286 9 9 0.969949
129 286 9 9 0.967597
148 266 66 53 0.877379
148 266 66 53 0.909564
13 266 127 53 0.859246
13 266 127 53 0.895624
13 266 127 59 0.518457
13 266 127 59 0.48243
13 264 128 62 0.805684
13 264 128 62 0.820856
13 264 128 62 0.817384
13 266 127 60 0.851385
219 231 114 88 0.53999
219 231 114 88 0.622643
219 231 114 88 0.591676
219 231 114 88 0.611188
219 231 114 88 0.611188
219 231 114 88 0.638024
216 229 117 90 0.723836
216 229 117 90 0.694109
216 229 117 90 0.66586
216 229 117 90 0.707944
216 229 117 90 0.723836
216 229 117 90 0.694109
147 228 186 91 0.701883
147 228 186 91 0.745622
335 304 8 22 0.936701
338 266 150 60 0.694886
338 266 150 60 0.761976
338 266 150 60 0.737625
338 264 150 62 0.694886
338 264 150 62 0.663492
338 264 150 62 0.633906
338 264 150 62 0.652585
338 258 150 68 0.732541
338 258 150 68 0.703367
338 258 150 68 0.675573
338 258 150 68 0.693155
404 270 12 45 0.8332
336 254 152 72 0.581082
336 254 152 72 0.660987
336 254 152 72 0.658582
336 253 152 73 0.691107
330 252 158 74 0.110704
330 252 158 74 0.0972872
330 252 158 74 0.103221
329 251 160 75 0.276525
329 251 160 75 0.280293
473 270 12 34 0.873963
473 270 12 34 0.895753
473 270 12 34 0.960411
473 270 12 34 0.963393
473 270 12 34 0.965664
473 270 12 34 0.954659
473 270 12 34 0.955628
473 270 12 34 0.955628
473 270 12 34 0.958594
329 250 165 76 0.601565
329 250 169 76 0.742724
418 270 29 45 0.912914
418 270 29 45 0.900749
418 270 29 45 0.888518
418 270 29 45 0.896331
418 270 29 45 0.896331
418 270 29 45 0.896331
418 270 29 45 0.965542
418 270 29 45 0.965542
418 270 29 45 0.968143
418 270 29 45 0.970129
418 270 29 45 0.970129
418 270 29 45 0.912914
418 270 29 45 0.900749
418 270 29 45 0.919406
418 270 29 45 0.925236
418 270 29 45 0.925236
418 270 29 45 0.932274
418 270 29 45 0.975482
418 270 29 45 0.975482
418 270 29 45 0.975482
418 270 29 45 0.977021
373 270 27 45 0.912914
373 270 27 45 0.916924
373 270 27 45 0.906479
373 270 27 45 0.925236
373 270 27 45 0.925236
373 270 27 45 0.925236
373 270 27 45 0.972803
373 270 27 45 0.972803
341 270 28 45 0.910403
341 270 28 45 0.897926
341 270 28 45 0.896507
341 270 28 45 0.910651
341 270 28 45 0.910651
341 270 28 45 0.910651
448 270 23 46 0.907237
448 270 23 46 0.904709
300 270 31 45 0.912914
300 270 31 45 0.900749
300 270 31 45 0.888518
300 270 31 45 0.906497
300 270 31 45 0.913156
300 270 31 45 0.925236
300 270 31 45 0.972803
300 270 31 45 0.975482
300 270 31 45 0.975482
300 270 31 45 0.977021
300 270 31 45 0.977021
300 270 31 45 0.978797
300 270 31 45 0.978797
271 269 26 47 0.910403
271 269 26 47 0.914517
271 269 26 47 0.917065
271 269 26 47 0.930279
271 269 26 47 0.930279
271 269 26 47 0.930279
271 269 26 47 0.974725
271 269 26 47 0.974725
271 269 26 47 0.97631
271 269 26 47 0.97631
271 269 26 47 0.978141
270 269 27 47 0.912914
270 269 27 47 0.916924
270 269 27 47 0.919406
223 270 28 45 0.910403
223 270 28 45 0.897926
223 270 28 45 0.896507
223 270 28 45 0.910651
223 270 28 45 0.910651
182 269 27 47 0.912914
182 269 27 47 0.900749
182 269 27 47 0.906479
182 269 27 47 0.925236
182 269 27 47 0.925236
182 269 27 47 0.925236
182 269 27 47 0.975482
182 269 27 47 0.975482
182 269 27 47 0.977021
182 269 27 47 0.977021
182 269 27 47 0.977021
182 269 27 47 0.978797
182 269 27 47 0.98068
182 269 27 47 0.982793
151 270 27 45 0.921596
151 270 27 45 0.916924
151 270 27 45 0.906479
151 270 27 45 0.913156
151 270 27 45 0.925236
57 269 27 47 0.927266
57 269 27 47 0.928521
57 269 27 47 0.919406
57 269 27 47 0.925236
57 269 27 47 0.925236
57 269 27 47 0.932274
57 269 27 47 0.975482
57 269 27 47 0.975482
57 269 27 47 0.977021
88 270 37 45 0.86589
88 270 37 45 0.848248
88 270 37 45 0.830763
88 270 37 45 0.912914
88 270 37 45 0.900749
88 270 37 45 0.899365
88 270 37 45 0.913156
88 270 37 45 0.913156
88 270 37 45 0.925236
88 270 37 45 0.925236
88 270 37 45 0.972803
88 270 37 45 0.972803
88 270 37 45 0.972803
88 270 37 45 0.974505
88 270 37 45 0.86589
88 270 37 45 0.900749
88 270 37 45 0.888518
88 270 37 45 0.906497
88 270 38 46 0.917228
16 270 37 45 0.912914
16 270 37 45 0.900749
16 270 37 45 0.899365
16 270 38 46 0.917228
16 270 37 45 0.912914
16 270 37 45 0.900749
16 270 37 45 0.899365
16 270 37 45 0.913156
16 270 37 45 0.913156
16 270 37 45 0.913156
16 270 37 45 0.925236
16 270 37 45 0.972803
16 270 37 45 0.972803
16 270 37 45 0.972803
16 270 37 45 0.974505
16 270 37 45 0.86589
16 270 37 45 0.900749
177 315 113 11 0.962203
219 315 71 11 0.954983
226 316 59 10 0.901189
63 198 51 72 0.806264
63 198 51 72 0.801586
63 198 51 72 0.793729
63 199 51 71 0.848355
63 199 51 71 0.840075
63 199 51 71 0.844464
114 194 80 90 0.707732
313 178 45 92 0.775104
312 161 129 121 0.686812
312 161 139 130 0.743
130 9 210 223 0.172757
130 9 210 223 0.153114
130 9 210 223 0.13702
130 8 211 225 0.310935
130 9 211 224 0.348067
130 9 211 224 0.316108
130 9 211 224 0.312789
130 9 211 224 0.33055
130 1 211 232 0.348067
130 1 211 232 0.398168
130 1 212 232 0.198132
2 1 183 301 0.0533494
2 1 183 325 0.00112645
2 1 183 325 0.00158274
2 1 183 325 0.00139019
2 1 183 325 0.00182771
2 1 183 325 0.00158274
217 1 154 97 0.782973
217 1 154 97 0.736533
217 1 154 97 0.710567
246 12 27 47 0.912914
246 12 27 47 0.900749
246 12 27 47 0.899365
246 12 27 47 0.913156
246 12 27 47 0.925236
246 12 27 47 0.925236
246 12 27 47 0.972803
246 12 27 47 0.972803
246 12 27 47 0.977021
246 12 27 47 0.977021
246 12 27 47 0.977021
215 12 27 47 0.912914
215 12 27 47 0.900749
215 12 27 47 0.919406
215 12 27 47 0.925236
215 12 27 47 0.932274
215 12 27 47 0.932274
215 12 27 47 0.975482
215 12 27 47 0.975482
215 12 27 47 0.977021
215 12 27 47 0.977021
215 12 27 47 0.977021
215 12 27 47 0.978797
215 12 27 47 0.98068
215 12 27 47 0.982793
276 13 32 45 0.903644
276 13 32 45 0.901028
276 13 32 45 0.896601
276 13 32 45 0.917159
276 13 32 45 0.924895
276 13 32 45 0.924895
276 13 32 45 0.972672
276 13 32 45 0.972672
276 13 32 45 0.972672
276 13 32 45 0.974383
276 13 32 45 0.974383
276 13 32 45 0.976359
276 13 32 45 0.976359
276 13 32 45 0.980805
219 1 112 34 0.845435
220 1 103 30 0.845986
257 1 26 12 0.922417
257 1 26 12 0.93744
223 1 26 12 0.935314
193 12 21 47 0.848547
307 38 28 21 0.963822
307 42 19 17 0.919404
305 39 34 41 0.891213
305 39 34 41 0.888301
305 39 35 42 0.925299
258 20 3 32 0.940108
258 20 3 31 0.955664
227 20 3 31 0.956792
227 20 3 32 0.940108
193 12 21 47 0.82394
148 266 66 53 0.855619
148 266 68 53 0.833
148 266 70 53 0.830524
13 264 128 62 0.909976
240 251 32 16 0.724131
228 250 51 18 0.789793
270 269 27 47 0.977871
88 270 38 45 0.883152
16 269 38 47 0.880341
16 270 38 46 0.860611
226 316 59 10 0.915776
226 316 59 10 0.904543
226 316 59 10 0.964175
193 151 87 119 0.494529
193 151 94 119 0.466915
130 1 212 232 0.295673
220 1 108 32 0.815404
223 1 25 12 0.76178
259 1 22 12 0.728151
293 1 26 30 0.777906
305 39 34 41 0.85888
227 19 4 33 0.943376
216 229 117 90 0.719319
312 161 139 130 0.727187
193 151 94 119 0.606764
130 1 217 232 0.464434
234 251 39 17 0.891294
338 258 150 68 0.864662
330 252 158 74 0.710561
115 293 236 33 0.76586
13 264 128 62 0.936342
329 251 160 75 0.714818
130 8 211 225 0.41974
223 1 25 12 0.924181
258 20 3 32 0.946691
227 19 4 33 0.954961
194 277 3 31 0.923834
129 306 8 10 0.912852
13 264 128 62 0.906195
216 229 117 90 0.914417
147 228 186 91 0.735771
338 264 150 62 0.818556
336 254 152 72 0.850719
329 251 160 75 0.838809
473 269 12 35 0.967724
88 270 38 46 0.937969
16 269 38 47 0.82455
113 186 84 101 0.469852
313 176 45 95 0.830518
305 39 35 42 0.935679
219 1 112 34 0.876235
329 293 15 33 0.781583
142 310 6 5 0.836507
307 42 16 11 0.865959
219 1 112 34 0.837115
313 171 45 100 0.871877
13 264 128 62 0.909561
159 253 8 14 0.912935
212 293 8 4 0.472854
36 197 78 73 0.436314
307 38 28 21 0.703286
220 266 113 53 0.927865
338 258 150 68 0.84126
307 38 37 26 0.73849
194 277 25 31 0.975514
177 315 113 11 0.911182
194 277 45 31 0.952975
58 265 24 3 0.825363
307 38 37 26 0.631812
332 294 6 7 0.81617
312 164 102 117 0.456693
227 19 34 33 0.99366
312 161 139 130 0.717921
212 293 8 11 0.92824
151 269 58 47 0.990947
215 12 58 47 0.996245
341 270 59 45 0.991454
270 269 61 47 0.994588
331 278 26 29 0.973356
223 1 58 12 0.972206
223 1 60 12 0.974473
227 1 52 11 0.987066
194 277 79 31 0.925326
330 278 4 9 0.63949
294 278 40 10 0.806594
302 55 11 8 0.763249
151 269 100 47 0.997389
329 251 160 75 0.84235
418 270 29 45 0.988941
328 231 170 95 0.69391
88 270 37 45 0.977072
16 270 37 45 0.977072
63 198 51 72 0.787588
63 198 51 72 0.787588
117 196 76 71 0.767725
192 150 95 120 0.546115
130 8 211 225 0.359935
2 1 183 301 0.0648748
2 1 183 325 0.00142573
227 1 52 11 0.965139
307 38 37 26 0.856782
293 278 41 11 0.821306
216 229 117 90 0.924259
228 250 51 18 0.887423
334 304 10 22 0.958842
473 269 12 35 0.961254
227 1 52 11 0.987612
302 55 12 8 0.816063
418 269 29 46 0.987963
88 270 38 46 0.991674
16 269 38 47 0.971396
36 197 78 73 0.580179
312 164 102 117 0.645342
222 1 66 13 0.950056
223 1 60 12 0.983253
2 1 183 301 0.0574267
141 228 193 91 0.541559
223 1 62 12 0.984603
214 299 6 11 0.957621
293 1 25 29 0.841936
114 193 82 92 0.70076
141 228 193 91 0.79657
306 40 25 20 0.913788
329 250 169 76 0.628012
2 1 183 301 0.139285
293 1 26 30 0.870966
177 315 113 11 0.965178
114 192 82 93 0.765099
130 5 211 228 0.760458
194 277 79 31 0.919027
331 278 26 29 0.986419
142 310 6 5 0.79042
113 186 84 101 0.842793
194 277 79 31 0.88425
329 251 160 75 0.881503
341 269 106 46 0.999297
36 197 78 73 0.661952
130 1 217 232 0.902895
305 39 35 42 0.847161
293 274 42 15 0.779259
222 1 66 13 0.987443
312 161 139 130 0.852005
113 186 84 101 0.839562
306 38 38 26 0.877421
194 274 141 34 0.841655
194 274 141 36 0.843672
220 266 113 53 0.838293
344 98 156 181 0.510223
330 278 27 29 0.983082
329 250 169 76 0.919058
330 278 27 34 0.936646
215 12 93 47 0.99794
302 38 42 26 0.453615
141 228 193 91 0.877891
329 250 169 76 0.964062
219 1 112 34 0.942422
69 308 90 18 0.946582
270 250 228 76 0.992281
270 231 228 95 0.973744
194 274 163 38 0.863162
302 38 42 43 0.768222
129 306 21 18 0.761439
194 274 195 38 0.902215
151 231 347 95 0.980756
219 1 112 34 0.96213
219 1 112 34 0.940766
129 266 89 53 0.940871
139 299 9 16 0.898836
36 186 161 101 0.942936
16 269 110 47 0.996653
329 251 160 75 0.987711
139 274 250 41 0.92909
13 264 205 62 0.923896
227 19 117 62 0.95174
2 1 183 325 0.500367
141 228 193 91 0.806754
227 19 117 62 0.95174
69 308 221 18 0.91277
13 264 320 62 0.983041
131 9 209 190 0.518665
192 150 95 120 0.667303
151 231 347 95 0.998972
13 264 320 62 0.983041
227 19 117 62 0.973305
139 274 331 41 0.89768
129 274 341 50 0.682225
215 1 156 97 0.846501
227 18 117 63 0.966758
57 231 441 95 0.993486
158 246 13 21 0.867606
329 293 15 33 0.932052
158 246 32 21 0.951729
69 274 401 50 0.868927
130 1 217 232 0.867795
2 186 195 108 0.974516
216 1 284 320 0.701905
13 228 321 98 0.944115
215 1 156 97 0.870187
58 246 132 22 0.557399
13 228 457 98 0.761967
13 227 457 99 0.761967
57 231 441 95 0.996682
57 231 441 95 0.996414
13 227 458 99 0.699261
57 231 441 95 0.997137
13 227 458 99 0.593719
13 227 485 99 0.992643
2 186 195 108 0.949344
307 73 193 230 0.743549
13 227 485 99 0.989473
193 12 151 69 0.974907
13 227 485 99 0.977075
13 227 485 99 0.977075
193 1 178 97 0.948564
13 227 485 99 0.977075
13 227 485 99 0.977075
216 1 284 320 0.754322
2 186 496 140 0.979863
2 186 496 140 0.979863
190 146 98 124 0.839657
130 1 217 232 0.832828
2 161 496 165 0.988786
147 1 224 100 0.906485
190 1 310 320 0.877994
2 1 345 325 0.187774
2 1 345 325 0.187774
145 1 226 177 0.717803
2 1 369 325 0.0922876
2 1 498 325 0.910455
2 1 498 325 0.910455
2 1 498 325 0.978017
